0000000000000000000000001
0001100000000000000000001
0010111111111111111100001
0011111111111111111100001
0100111111111111111100001
0101011111111111111100001
0110000000000000000100001
0111000000000000000000001
0000000000000000000000010
0001100000000000000000010
0010111111111111111100010
0011011111111111111100010
1100000000000000000000000
1100000001000100000100011
1100000010000100000100100
1100000011000000000100101
1100000100000100000100110
1100000101000100000100111
1100000110000000000101000
1100000111000100000101001
1100001000000100000101010
1100001001000100000101011
1100001010000100000101100
1100001011000100000101101
1100001100000000000101110
1100001101011110000101111
1100001110000100000110000
1100001111000100000110001
1100000000000000000000000
1000000011000100000110010
1000100011000101001001010
1001000011010100000100011
1001100011000100000110011
1010000011000100000110100
1010100011000100000110101
1011000011000100000110110
1011100011000100000111111
1100000000000000000000000
1100000000000000000000000
1100000000000000000000000
1100000000000000000000000
1100000000000000000000000
1100000000000000000000000
1100000000000000000000000
1100000000000000000000000
1100000000000000000000000
1100000000000000000000000
1100000000000000000000000
1100000000000000000000000
1100000000000000000000000
1100000000000000000000000
1100000000000000000000000
1100000000000000000000000
1100000000000000000000000
1100000000000000000000000
1100000000000000000000000
1100000000000000000000000
1100000000000000000000000
1100000000000000000000000
1100000000000000000000000
1100000000000000000000000
1100000000000000000000000
1100000000000000000000000
1100000000000000000000000